rains
20

#	si(m)	ri(AU)	rhoi(g/cm3)
1	1e-5	300	1
1	1e-5	300	1
2	1e-5	275	1
3	1e-5	250	1
4	1e-5	225	1
5	1e-5	200	1
6	1e-5	180	1
7	1e-5	160	1
8	1e-5	140	1
9	1e-5	120	1
10	1e-5	100	1
11	1e-5	90	1
12	1e-5	80	1
13	1e-5	70	1
14	1e-5	60	1
15	1e-5	50	1
16	1e-5	40	1
17	1e-5	30	1
18	1e-5	20	1
19	5e-5	300	1
20	5e-5	275	1
21	5e-5	250	1
22	5e-5	225	1
23	5e-5	200	1
24	5e-5	180	1
25	5e-5	160	1
26	5e-5	140	1
27	5e-5	120	1
28	5e-5	100	1
29	5e-5	90	1
30	5e-5	80	1
31	5e-5	70	1
32	5e-5	60	1
33	5e-5	50	1
34	5e-5	40	1
35	5e-5	30	1
36	5e-5	20	1
37	1e-4	300	1
38	1e-4	275	1
39	1e-4	250	1
40	1e-4	225	1
41	1e-4	200	1
42	1e-4	180	1
43	1e-4	160	1
44	1e-4	140	1
45	1e-4	120	1
46	1e-4	100	1
47	1e-4	90	1
48	1e-4	80	1
49	1e-4	70	1
50	1e-4	60	1
51	1e-4	50	1
52	1e-4	40	1
53	1e-4	30	1
54	1e-4	20	1
55	5e-4	300	1
56	5e-4	275	1
57	5e-4	250	1
58	5e-4	225	1
59	5e-4	200	1
60	5e-4	180	1
61	5e-4	160	1
62	5e-4	140	1
63	5e-4	120	1
64	5e-4	100	1
65	5e-4	90	1
66	5e-4	80	1
67	5e-4	70	1
68	5e-4	60	1
69	5e-4	50	1
70	5e-4	40	1
71	5e-4	30	1
72	5e-4	20	1
73	1e-3	300	1
74	1e-3	275	1
75	1e-3	250	1
76	1e-3	225	1
77	1e-3	200	1
78	1e-3	180	1
79	1e-3	160	1
80	1e-3	140	1
81	1e-3	120	1
82	1e-3	100	1
83	1e-3	90	1
84	1e-3	80	1
85	1e-3	70	1
86	1e-3	60	1
87	1e-3	50	1
88	1e-3	40	1
89	1e-3	30	1
90	1e-3	20	1
91	5e-3	300	1
92	5e-3	275	1
93	5e-3	250	1
94	5e-3	225	1
95	5e-3	200	1
96	5e-3	180	1
97	5e-3	160	1
98	5e-3	140	1
99	5e-3	120	1
100	5e-3	100	1
101	5e-3	90	1
102	5e-3	80	1
103	5e-3	70	1
104	5e-3	60	1
105	5e-3	50	1
106	5e-3	40	1
107	5e-3	30	1
108	5e-3	20	1
109	1e-2	300	1
110	1e-2	275	1
111	1e-2	250	1
112	1e-2	225	1
113	1e-2	200	1
114	1e-2	180	1
115	1e-2	160	1
116	1e-2	140	1
117	1e-2	120	1
118	1e-2	100	1
119	1e-2	90	1
120	1e-2	80	1
121	1e-2	70	1
122	1e-2	60	1
123	1e-2	50	1
124	1e-2	40	1
125	1e-2	30	1
126	1e-2	20	1


